,SCD_GSE101657_Control_SCD_0,SCD_GSE101657_Control_SCD_1,SCD_GSE101657_Control_SCD_2,SCD_GSE101657_Control_SCD_3,SCD_GSE101657_Control_SCD_4,SCD_GSE159090_GSM4819135_SCD_Male,SCD_GSE159090_GSM4819136_SCD_Male,SCD_GSE159090_GSM4819149_SCD_Male,SCD_GSE159090_GSM4819150_SCD_Male,SCD_GSE159090_GSM4819161_SCD_Male,SCD_GSE159090_GSM4819166_SCD_Male,SCD_GSE159090_GSM4819171_SCD_Male,SCD_GSE159090_GSM4819179_SCD_Male,SCD_GSE159090_GSM4819186_SCD_Male,SCD_GSE159090_GSM4819194_SCD_Male,SCD_GSE159090_GSM4819199_SCD_Male,SCD_GSE159090_GSM4819200_SCD_Male,SCD_GSE160646_GSM4876390_SCD_1w,SCD_GSE160646_GSM4876394_SCD_1w,SCD_GSE160646_GSM4876401_SCD_1w,SCD_GSE160646_GSM4876404_SCD_1w,SCD_GSE160646_GSM4876405_SCD_1w,SCD_GSE160646_GSM4876407_SCD_1w,SCD_GSE160646_GSM4876408_SCD_1w,SCD_GSE188344_NCD_1,SCD_GSE188344_NCD_2,SCD_GSE188344_NCD_3,SCD_GSE188344_NCD_4,SCD_GSE246221_Batch9_SCD_only32w_1,SCD_GSE246221_Batch9_SCD_only32w_2,SCD_GSE246221_Batch9_SCD_only32w_3,SCD_GSE246221_Batch9_SCD_only32w_4,SCD_GSE248297_LFD_1,SCD_GSE248297_LFD_2,SCD_GSE248297_LFD_3,SCD_GSE248297_LFD_4,SCD_GSE248297_LFD_5,HFD_GSE101657_HFD_0,HFD_GSE101657_HFD_1,HFD_GSE101657_HFD_2,HFD_GSE101657_HFD_3,HFD_GSE101657_HFD_4,HFD_GSE101657_HFD_5,HFD_GSE159090_GSM4819134_HFD_Male,HFD_GSE159090_GSM4819140_HFD_Male,HFD_GSE159090_GSM4819143_HFD_Male,HFD_GSE159090_GSM4819146_HFD_Male,HFD_GSE159090_GSM4819157_HFD_Male,HFD_GSE159090_GSM4819163_HFD_Male,HFD_GSE159090_GSM4819167_HFD_Male,HFD_GSE159090_GSM4819177_HFD_Male,HFD_GSE159090_GSM4819184_HFD_Male,HFD_GSE159090_GSM4819189_HFD_Male,HFD_GSE159090_GSM4819197_HFD_Male,HFD_GSE159090_GSM4819202_HFD_Male,HFD_GSE160646_GSM4876384_HFD_1w,HFD_GSE160646_GSM4876386_HFD_1w,HFD_GSE160646_GSM4876389_HFD_1w,HFD_GSE160646_GSM4876393_HFD_1w,HFD_GSE160646_GSM4876396_HFD_1w,HFD_GSE160646_GSM4876400_HFD_1w,HFD_GSE160646_GSM4876406_HFD_1w,HFD_GSE160646_GSM4876412_HFD_1w,HFD_GSE188344_HFD_1,HFD_GSE188344_HFD_2,HFD_GSE188344_HFD_3,HFD_GSE188344_HFD_4,HFD_GSE246221_Batch9_HFD_only32w_1,HFD_GSE246221_Batch9_HFD_only32w_2,HFD_GSE246221_Batch9_HFD_only32w_3,HFD_GSE248297_HFD_1,HFD_GSE248297_HFD_2,HFD_GSE248297_HFD_3,HFD_GSE248297_HFD_4,HFD_GSE248297_HFD_5,KD_GSE101657_KD_0,KD_GSE101657_KD_1,KD_GSE101657_KD_2,KD_GSE101657_KD_3,KD_GSE101657_KD_4,KD_GSE101657_KD_5,KD_GSE101657_KD_6,KD_GSE248297_KD_1,KD_GSE248297_KD_2,KD_GSE248297_KD_3,KD_GSE248297_KD_4,KD_GSE248297_KD_5,WD_GSE159090_GSM4819145_WD_Male,WD_GSE159090_GSM4819155_WD_Male,WD_GSE159090_GSM4819156_WD_Male,WD_GSE159090_GSM4819158_WD_Male,WD_GSE159090_GSM4819164_WD_Male,WD_GSE159090_GSM4819173_WD_Male,WD_GSE159090_GSM4819174_WD_Male,WD_GSE159090_GSM4819181_WD_Male,WD_GSE159090_GSM4819183_WD_Male,WD_GSE159090_GSM4819192_WD_Male,WD_GSE159090_GSM4819196_WD_Male,WD_GSE159090_GSM4819201_WD_Male
SCD_GSE101657_Control_SCD_0,0.0,6.52929080207297,7.821186383639346,7.462661165240181,7.4427884278639205,7.146726206427111,8.811632790054654,8.188371688443127,9.949783614993876,8.769730611387812,7.390010877472576,8.872079988130846,7.2248306506565125,8.614437629362415,8.196768473363155,7.038759572730231,8.015405729933498,9.413924836663265,8.582946055504953,9.24662643303893,10.331572464104273,10.898149435090406,8.09272994436478,6.371840934698022,6.743385324234029,6.651073790106529,6.158053182246934,6.991822538679927,8.773444108350013,6.8350217928860895,6.830116216771349,7.524945781390462,6.086237994349491,6.851125328165079,7.147025731576369,7.624466027301918,7.313819940218277,9.205514431513915,7.412056507137424,6.513007736573488,9.06745590541368,8.388542390784204,8.814108374128535,5.729025881200188,9.491774028095733,9.116580775734974,6.437806166403953,6.148155585131813,6.60721601315387,8.920197370286148,8.449233015189325,6.623585049180587,8.286344876914479,6.873764083570546,7.289003491345197,9.429085531538016,9.435914639548308,8.913039374582574,9.234016955808743,8.299248522278939,10.815318298208192,11.1951545332319,11.289268556474864,9.480638378060863,9.109179388556749,9.081312887701293,9.167450360024956,10.249685277262602,9.854108155164868,9.809506015086983,7.526480279830984,8.80458336131061,8.23769089221364,7.596833567140723,7.832027126627776,6.493277490153882,8.714441541976147,8.946779714352397,8.133173154300449,7.149299587483896,7.6125334951399095,8.103680521082596,8.47165591170426,8.124033265564139,8.229970414779856,7.855964519539923,9.208293120877707,8.238483169792376,7.400561138350415,8.318165074547961,7.982160001803244,10.812586583433037,9.309339757203764,6.312942093621883,11.125054593441854,8.115368435385804,9.433110368027872,6.902417846124516,6.472815625044375
SCD_GSE101657_Control_SCD_1,6.52929080207297,0.0,7.405527641847771,7.933896150075782,6.740947241757839,6.629403110818988,7.252799396177149,6.836195216774387,8.00780701591107,7.785932917240762,7.365976611186805,6.990530293173791,7.831177846512832,8.679036557308878,6.69050218468137,7.500413028506103,6.9305513416513875,7.185656388742507,7.534812012326311,7.675777882942198,8.89120357030132,9.356025445037897,6.535674583712857,7.016701639496184,6.819857292290629,6.896998774277104,7.085636738440967,8.393052469998182,10.016543870949201,6.800334083038209,8.020339209578125,8.256199916416001,6.397679878981645,7.89583723892731,7.558057773787066,6.8963141884560395,8.12228007999973,7.883779548112858,6.822327686464126,7.055101035824839,8.00642272326757,7.200977670108718,8.075173208137645,6.8740989924520015,8.938927111776058,8.242075216165992,7.7781172730800545,7.940306311752617,6.594636199571135,8.526980859077286,8.971858582415633,8.77388424213327,9.239305354871625,7.663805655232545,7.028600382730932,7.781722673611501,7.760338165930339,7.359632551423595,7.7608690203299195,8.876806794541872,9.682806570602855,10.36387533430365,9.610225802338778,11.011021198337097,10.593248561946908,10.648526001986847,10.627388324696419,11.929513390792344,11.392926788649078,11.302821262587413,9.564737109112539,10.854745886582242,9.475983113947148,9.560775553294732,9.477530008536595,7.644947572438517,7.234960535715878,7.880521319403234,6.758298432830716,7.223961189642091,6.5921701484431425,7.516992259734098,9.918753417718877,9.61637963182207,9.27670701222794,9.52542115593945,10.802925941741707,7.744225979795608,5.709976390947195,6.745529454820149,7.115555886645201,9.503764572428965,8.24379931254459,6.343746680972533,9.529709553304993,6.314108421097716,9.473103039960693,7.2849053325656525,6.325973002121813
SCD_GSE101657_Control_SCD_2,7.821186383639346,7.405527641847771,0.0,7.849898940608652,7.613010660275612,8.366134505146919,7.209647488925757,7.2270097985047865,8.010557082203231,7.675522527444384,6.60840901664007,7.290245852035396,7.412403984936427,8.582066905561103,6.961566774349915,7.989829424002587,6.521080424679496,7.618225066380003,7.644533014154507,7.40935150898364,6.818397666750772,8.482409478636182,6.8244044099896986,7.429401314324467,7.955972482995837,8.094221999775609,8.347081893259658,9.461035407134593,11.204695155272326,7.279572552040823,9.452500576725502,9.499927142256707,7.4771900450919135,9.28233734232322,8.750842622517746,7.950460610412443,9.748031089753209,8.21858040369095,7.384692169573123,8.900592851016603,7.819961967686219,7.172850632164276,9.486780993463903,9.021999030827336,7.720020669315034,7.402483515380412,7.314074374845367,8.958307525546246,7.836923905406812,8.82205520667012,8.30236111532146,9.465121724155663,11.430730356678279,8.942482621982071,8.635652028285499,6.503994507684817,7.1579558799400775,8.175240155274627,7.774963101572907,10.95461462324211,7.869041121282281,9.57750961473431,9.429052874350901,12.331650130573474,12.029500814920548,12.125158299112385,11.898252195344432,13.187277344156927,12.713033534416542,12.53110382059234,10.899391002426952,12.024419811284572,10.909246092306171,10.822421009427647,10.911291479928405,10.097847175737213,7.1155196318294385,7.0950328180092,7.839360337401978,7.884722728574635,8.054152718466227,7.890736050859568,11.227210074416481,11.06858627162995,10.959145025088027,11.216717853736037,12.0097886991623,8.47073505953543,6.288531914605632,7.551387134889541,7.796942073490356,9.394511447588703,9.467316398491755,7.296929817765541,8.942118511662475,8.338196852186307,8.794429049459819,8.849676115407501,8.372701362710039
SCD_GSE101657_Control_SCD_3,7.462661165240181,7.933896150075782,7.849898940608652,0.0,7.679155700579788,7.497123235004155,8.571129771851709,8.473520928831784,8.341314825407254,6.990154135299635,8.252420799946846,7.398986106171221,7.608813710978808,6.414889651530344,8.236276579674447,6.854519413082362,6.262769767766182,7.996132111961676,6.619990315738403,8.232753997102781,8.181970164232517,7.109945828363901,7.402009150776374,7.445330975502473,9.051511484672952,9.228883924839035,8.30601423035581,9.343890918633164,12.383177726834772,8.418116503421494,9.91332049554401,10.28079611572788,8.53970543030895,9.368118980969257,9.398628768952298,7.683061856170709,9.900456407432143,7.241342932173914,7.451085659478572,7.674689212972469,7.514865261078083,7.26444431385654,8.393997744721817,8.848748442729208,7.67572874019214,9.41466382849054,5.973133737453845,7.982848648375458,6.493164656811184,6.845734614287676,7.3339721904246815,6.524607083015677,9.538445313439924,6.305829686718178,6.797973254594106,8.574727653569973,8.318074413680668,8.223147359233046,9.868541139883499,8.385951313035568,8.327091092198735,8.614289220226379,8.315386637315367,13.501414438560452,13.140272074824246,13.112633707953718,13.053287465643429,14.36052030534217,13.894931796757868,13.76203246068773,10.845426861860012,12.588598560223524,11.87660504938044,11.186488573081146,11.34542367710588,9.080146718357389,8.99878484525611,8.092072145490157,7.757593732071869,7.461240873970916,7.301407117063961,7.144305524082061,12.054788383895383,11.978310742777076,11.087579952598983,11.422616153330194,13.21864417990899,6.286687144217713,7.439582290648255,7.696879459493841,7.048746944383782,9.467209583215727,7.746309737425873,6.334735638556849,7.6780285737653005,7.783162247639721,7.655702890198061,6.837491290789198,7.125698500839823
SCD_GSE101657_Control_SCD_4,7.4427884278639205,6.740947241757839,7.613010660275612,7.679155700579788,0.0,7.007786622467461,6.750159916032204,7.22832656452264,7.806966831603533,7.626451986045315,7.157898087133343,7.713524884695848,7.861309398839958,7.98435895544456,7.567745639784023,8.17940588644403,7.064641567685995,7.157733018005007,6.8614030867913725,6.842932506989705,7.460798850181369,7.681727782142365,6.542962353759756,7.919161363773633,8.496575705384313,8.477322125151646,7.985797269015029,9.59638901845506,11.826078589095017,7.661278989824263,9.491215538113625,9.81071590675645,7.546508498159235,9.139148012116443,8.29730379151529,7.501262639511604,8.833274535975832,6.257542952815606,6.7135047007139805,6.824886513639584,7.007799333569574,6.884834293401166,7.411884840763337,8.163566636123516,7.6378000761153855,8.202585878052767,7.074907640096135,7.961005374513133,6.908278688857417,8.026618156338968,7.591589400277093,9.711565654033162,10.178298464762557,7.310431736979733,7.5860780441431,7.658191912936529,7.054063203155816,7.503238369481649,7.821620392762854,8.574136081647504,8.230433518170623,8.660774804498896,8.535896991061666,12.937859344351988,12.55922738450979,12.619443457456581,12.58164058572294,13.738213938680033,13.248001963199252,13.05262301541435,11.144711032372882,12.500267586252193,11.299377548714023,10.970745706501425,11.391902669036325,8.511717904425378,6.542963196276322,6.758582469096188,6.327802183951388,6.688517084069973,6.532487921706813,7.433598894351989,11.642752337971782,11.450197141668157,10.630684324257132,10.990928719545414,12.703097984635736,6.438771948386005,7.452951349678583,7.026390779206308,7.264393903441141,9.207455083878735,8.133224816619773,6.600871827774511,8.643761623618534,8.050585567892789,8.437205300752856,6.873093605494784,7.295012498370513
SCD_GSE159090_GSM4819135_SCD_Male,7.146726206427111,6.629403110818988,8.366134505146919,7.497123235004155,7.007786622467461,0.0,8.232372173881247,7.074363049106586,7.428215706668633,6.755644455939287,7.798521964124246,6.822820356885284,7.688570827047497,7.240537549996063,7.019411248320009,7.371830746832668,7.2249088595671065,8.071354111968562,7.446823685282641,8.2018259213214,9.17967270919333,8.71058870866111,6.941372672618379,7.681137067558273,7.444647839404781,7.702543090520999,6.932156010751542,8.15786747923093,10.411981404668868,7.0271461271251106,8.181474655135393,8.59400275081743,7.0152037682963275,7.351607015407882,7.438046457058885,6.559385164447826,8.025659215081026,7.651576180365394,6.594846944348511,7.355370682523648,7.914261150579295,7.388087115321798,7.584814337148514,7.797580171957362,8.55131162730051,8.991585033206329,7.4996676182356525,8.14445255874681,6.590002860744334,7.356771711723247,8.312141877492797,7.9294592526020615,8.632395274433113,6.279625671479356,7.411899604814703,8.816969377839834,8.662641094411919,7.407607528790741,9.041982634351813,7.9642940352230545,9.657479172223383,9.59369494361897,10.008701412382399,11.407647706326246,11.142708838693494,11.078220376082909,10.968008895150566,12.358798635435587,11.810513801523115,11.69538863860448,9.41791722573638,10.819093173470732,9.976069353263963,9.470649839670067,9.903571299472702,7.485313634560486,8.947147814964762,8.258104847496215,7.4366991293625135,7.1476147084184065,7.196755521530034,7.919325298108881,10.18859081366305,10.019294279092355,9.281560901149039,9.694308962493277,11.238264040962285,6.621185773351035,6.853323767539737,6.23043071809901,7.387473389172215,9.209291098530368,6.917770968702984,6.802492008033224,9.263830969574002,6.3303518432800105,8.587073142914628,5.8652666910697056,6.456228220134887
SCD_GSE159090_GSM4819136_SCD_Male,8.811632790054654,7.252799396177149,7.209647488925757,8.571129771851709,6.750159916032204,8.232372173881247,0.0,5.4847787113046484,8.595942549098202,7.285715288454714,5.41535736793908,7.244728195582297,6.550498184922793,9.193651889794726,5.972104409268376,9.242504266433594,7.241675653662074,6.893884057942197,7.771668680886774,4.982367753466304,7.575559485167353,8.34124263787025,6.086633711873111,8.403738245192166,8.361587469474912,8.558781332023331,9.059863634347675,11.016956882621079,12.039557992231863,8.110543389370529,10.10168357048689,10.402600377479807,8.024413677342945,9.929811953640373,9.477174642967794,8.220319184728563,9.918378510276506,6.803723325709066,7.928378615736744,8.396372086306101,7.384023359566259,6.914013118495693,8.478393043345767,9.697621546496284,8.030131673836035,8.300182660445595,8.165925330333751,9.9448953850798,8.401229820443072,9.337431083134772,9.223182911207891,10.790680497526957,11.884439130629735,9.296414089461612,9.07595817360304,6.895836776428097,7.185192914996528,7.864187468540242,7.066219679682779,11.003926381141568,8.081412833201643,9.614320910033236,9.782850040499236,13.113096794411806,12.941878792114167,12.960493903904712,12.71680623487291,14.037338060631514,13.518836589968618,13.338808252865736,11.992540909597556,12.91193781742737,11.798085667169813,11.73909930055589,11.903837029737405,10.076687476332705,7.105827406530865,7.278727229020261,7.376499421024716,7.157560268615216,8.240483918573458,7.226137039995617,12.186447232694038,11.715750773110276,11.74400558512826,11.815023487020577,12.942275651834073,8.810280040566738,6.624368592003684,7.275142235420242,7.981265865321712,9.641721717768991,9.27439016535807,8.067189508489564,9.753241360847387,8.223198279063592,10.113244817492218,8.677192535799165,8.558760179745658
SCD_GSE159090_GSM4819149_SCD_Male,8.188371688443127,6.836195216774387,7.2270097985047865,8.473520928831784,7.22832656452264,7.074363049106586,5.4847787113046484,0.0,7.308267924181966,7.10656231738534,6.1417834619680995,5.251392325367394,7.126585755959025,7.770897862754219,5.323106241379204,8.361751224878663,6.846164242801649,6.654593863571926,6.908242870282359,5.939865452554011,7.7930293469049285,8.668426640360895,6.088300366776963,7.837023548501031,7.495810839029842,7.903628727283601,8.313513159790832,9.844425708217756,10.965729695572623,7.3807569497431675,9.37550629904129,9.61906150679812,6.904715236000605,9.023011751143535,8.873520286505423,8.198713956049845,9.508788954125974,7.367572969304359,7.70153215219029,8.661179247089164,7.396625558680631,6.83231972467238,8.468566458860687,9.035669766912537,7.761872810186683,7.663698727465502,7.54346489822587,9.450197979268319,7.045546313427727,9.093369556391776,8.953520061693995,9.768483474029221,10.862808660046781,8.754836332652125,8.145667419845324,7.0030940052126915,6.95429957626613,7.773719287678341,7.625985759040335,10.416226545433629,8.571151193283429,9.556194768425005,9.787196301817136,12.288001541100877,12.144186931851397,12.171129663180556,11.858707025472425,13.238787945554439,12.646015734414116,12.525390624724375,11.26083105282136,12.06356199753954,10.947418343873496,11.198545610715438,10.933714069354396,9.518067702731393,7.0754624568756626,7.371572819325668,7.971164056792895,7.670514871466184,7.772248757592894,7.328594485664688,11.446975691346722,11.063140200932448,11.044940824986021,11.238506312352532,12.137328548601548,8.012179030970053,6.088691604656516,6.246054535180521,7.747852701131331,8.530072627636015,8.724460338657229,7.249144861057419,9.507504697506429,6.9192334004211515,9.875340365955232,8.366883020043964,7.503337220194927
SCD_GSE159090_GSM4819150_SCD_Male,9.949783614993876,8.00780701591107,8.010557082203231,8.341314825407254,7.806966831603533,7.428215706668633,8.595942549098202,7.308267924181966,0.0,7.089451647830954,8.606865690200294,5.193188229742133,8.655952819078092,7.517715787373553,6.596349548607387,8.567289491457318,6.550774991689719,7.287806677513153,6.14263570523838,8.220414684190848,7.265031528692952,7.211421344374355,6.901770867544959,8.650581864034134,9.653396946661234,9.49445061407739,9.657804648729368,10.45993233513726,13.057576217910173,8.306936456881186,10.814541468065624,11.021597040674385,8.969861919090633,10.554235018977025,10.147401235718922,8.585803455023996,10.802978375652913,7.951250292908039,7.820596045969892,10.046929893586318,9.068462145006464,7.812531015938232,10.669365751539564,10.504146628789549,6.981136196526743,6.514522054229529,8.132544400890604,10.417684489470307,7.385733734858362,8.19370329287181,8.532406424930794,10.129021964233345,11.903134655566843,8.175907145458648,8.037821063372972,7.563489959911188,6.68954720927596,7.589989672219158,8.7366659836245,10.57755381887689,7.812783171703464,8.80690456074695,8.08714220551474,14.409759130528974,14.107424705770645,14.100291683903135,13.924132082838833,15.404316689592251,14.908152698122606,14.609121603657778,12.619006384322134,13.739258069112216,12.849558909077365,12.410202697134393,12.946249347857238,11.5562893591654,8.074775835482681,6.5387677563955915,7.245107837139179,10.064245359918772,8.13859647577012,8.68557877198597,13.065844595342526,13.27708081251281,12.186870814055478,13.173658147262575,14.160191999396348,7.168723599480695,7.0438562541788245,6.716471226637124,7.877228468385545,8.399425550145406,7.957704511377553,7.113509991474466,6.533118397272885,7.3578642287747975,7.861038404225303,8.28224852679672,8.18060343452974
SCD_GSE159090_GSM4819161_SCD_Male,8.769730611387812,7.785932917240762,7.675522527444384,6.990154135299635,7.626451986045315,6.755644455939287,7.285715288454714,7.10656231738534,7.089451647830954,0.0,6.847113394367674,6.911306129177551,7.862826392309745,7.26045162500579,6.231219851026578,7.553006199714683,7.038277503273416,7.882549326366723,6.065528446649202,7.2314000548418935,7.210540211202591,6.405100561705796,6.838468155487704,7.903774704742811,9.301606648685738,9.614976568048585,9.03838380551974,10.928640065731912,13.20958264633868,8.274887960944273,10.798132678250546,10.782520389138286,8.83277563868066,9.887060302914714,9.67807691908523,7.806091369731004,10.26924468836729,6.691588007932205,6.595806528893789,8.274338801813466,6.914356023013677,6.55565049424096,8.293890397572671,10.035405424384358,6.886806637762839,8.992112806544963,7.735357360075501,8.92489097585797,7.52523765791776,7.408329430907321,7.345960148394895,9.211233120472874,10.962477597338676,7.281124702270631,8.458255526781349,8.268751982026798,8.217127176883018,7.856537285107953,9.269412861956598,9.966789704888182,8.503740617238012,8.877387878538523,8.52759237555616,14.298926422005094,14.02438962621916,14.050372777766308,13.844458691397348,15.298718943529337,14.756549272883188,14.558792935497806,12.256554899636289,13.704403172950574,12.76836563861597,12.122473391225974,12.479650606929079,9.695717264927069,8.142223730882389,7.229776622408507,7.228102743295028,7.631683345990798,8.009583888119101,7.428539095383124,12.964112596350763,12.908902722297809,12.31182143029095,12.587970946969692,14.013114820407564,6.288870491534951,6.839054765394466,6.021678040179978,7.040506452718196,8.475348860258809,6.907077788871311,7.461833309016393,7.280035079147674,7.809482690067914,7.802333536004742,6.924393422367571,8.0509625865912
SCD_GSE159090_GSM4819166_SCD_Male,7.390010877472576,7.365976611186805,6.60840901664007,8.252420799946846,7.157898087133343,7.798521964124246,5.41535736793908,6.1417834619680995,8.606865690200294,6.847113394367674,0.0,6.993340838585172,5.644649453772135,8.66878714500396,5.583999072915292,8.096897390450925,7.344431397928453,7.403425612048512,7.7125508832757115,5.989269318775214,7.654962212926527,8.812828361150318,6.063774284569656,7.590090991906391,7.685381893437586,8.480562147215219,8.588091462784599,10.356676408942484,11.356267540036475,7.814203950933566,9.31793281384184,9.784405629351838,7.15227665465965,9.321850444864719,9.124038081300439,8.03622522863499,9.422171781570931,7.754183646998987,7.530813110218375,8.034743789425715,7.126268995688179,6.705323952167981,8.663278755573536,8.610137337619891,7.484365237863822,8.173529763444428,7.289343893546724,8.91033735371596,7.813401470529335,9.36982493234176,8.280988811434467,9.851619971935023,11.238893626139797,8.623962235190985,8.771903521207145,7.236125066310698,8.17980677989297,8.397924447634779,7.222594617047653,11.258315421434174,8.476313747658821,10.207522020322,10.294132658531066,12.416915963139564,12.158664729829926,12.263321971656435,11.937692096464382,13.22620953077135,12.73935962900516,12.564609220534663,11.138401402194713,12.105567144686972,11.109405732910114,11.092760064315874,11.271119514807625,9.683321476080671,7.4455602816573245,7.217403239770925,7.700509551373941,7.158506985105933,7.786348741094563,7.083051175641018,11.490346799257336,10.943872469485004,11.262974943919424,11.035826963603986,12.109563220303501,8.475652486380861,6.194140636317933,7.128920089515692,7.375572715113665,9.126957039838857,9.178153025831174,7.231868346604343,9.855691254261936,8.179790008895525,9.549676285647598,8.317132118010539,8.102342072745092
SCD_GSE159090_GSM4819171_SCD_Male,8.872079988130846,6.990530293173791,7.290245852035396,7.398986106171221,7.713524884695848,6.822820356885284,7.244728195582297,5.251392325367394,5.193188229742133,6.911306129177551,6.993340838585172,0.0,7.205034240483416,6.884566751842328,5.144327128350329,8.127413337563475,5.7495294225712446,6.681669326983869,6.2888633850004405,6.839971920432191,7.101046980341664,7.400381933654082,6.0916785992902245,8.03218377420116,8.227874913863836,8.92151508612228,8.78552338709841,9.81673551747383,11.825006573921799,7.691693943265349,9.864779218920175,10.122772452884002,7.568945620310712,9.626381834172685,9.515885446190385,8.188454910309611,10.073677020187903,7.712344100295854,7.732312304759007,8.953199210237347,7.720176570239222,7.021691717806097,9.291598140403446,9.260220248867139,7.51290182968493,7.276933703858514,7.5946411134423,9.794686253466121,7.18392620475284,8.309085583202704,8.56180974668775,9.111864850134316,11.015411985756025,8.464006922081206,7.510815960386276,6.26998283094984,6.7594911865644445,7.322169668775487,8.073661931404532,10.440557022354117,7.771943105489787,9.071117935133339,8.814821825591615,13.17297355048343,12.92024941102708,12.9534820130679,12.645440415162382,14.116511921081527,13.588168454166253,13.408821674898544,11.568823704351773,12.7290138207728,11.715538895724045,11.631724187649676,11.719169703941281,10.351808600903665,7.631777120009871,6.636204879150582,7.3028565643582795,8.505511902300018,7.778545746669195,7.419776456606838,12.079836110688674,11.982339048755595,11.424606468021299,11.974298594783757,12.950014157107404,7.497556331385378,5.647419509401005,6.522961370134258,7.1937178471349235,8.521315681462427,8.265634094151082,6.615552235594517,8.205043941924695,6.595320304799387,8.599836653656434,8.308460495620944,7.095337628598639
SCD_GSE159090_GSM4819179_SCD_Male,7.2248306506565125,7.831177846512832,7.412403984936427,7.608813710978808,7.861309398839958,7.688570827047497,6.550498184922793,7.126585755959025,8.655952819078092,7.862826392309745,5.644649453772135,7.205034240483416,0.0,7.126156635375467,6.59227047679382,7.5356796173287455,6.670932784589092,8.965571393913999,8.55676776402485,7.526019495042004,8.649681297900267,9.102012639231981,7.735113482443708,8.048545698566697,8.093122792831668,8.677269898313972,8.662726048653411,9.694515666852007,11.075534562830631,7.972438077028338,8.801725503056751,9.559934426206029,7.586324239455357,9.355571141502317,9.322631844029427,8.162017234896634,9.509006219828978,8.033265006137862,7.589429038395753,7.547373171317178,7.583602525885141,7.4045129950086395,8.85877252580027,8.329872245354561,8.263757321082512,8.406128614011141,7.105768638487169,8.83269984363886,7.336982453598803,9.021927523804527,7.966205545710599,8.303087620395006,10.325006554544856,7.761856106508529,8.06943936943274,7.786241523865792,7.94601239761518,8.550735020146488,7.918080211559223,9.877386196736829,8.916838779870085,10.165626238962059,10.853115221698125,12.011559858928205,11.75163403884154,11.69873411015627,11.595884697609343,12.79134938359785,12.389921973007478,12.227807568557544,10.433117035571215,11.495154976597485,10.928164429123093,10.51862063851608,10.681345628767748,8.797323686711588,8.65816737965534,8.17148826761513,7.640842040018391,7.338307064186382,7.558889249693196,7.750175600177898,11.122360957146379,10.737118040952547,10.791545096413113,10.625791495395463,11.790016488962847,8.134948432114314,7.130518928708719,7.705044378211462,7.05579105587946,10.113203900537274,9.214484038854701,6.421192543290474,9.997783521107245,8.302847028324571,8.829769426182876,7.388256688415897,7.403296958980791
SCD_GSE159090_GSM4819186_SCD_Male,8.614437629362415,8.679036557308878,8.582066905561103,6.414889651530344,7.98435895544456,7.240537549996063,9.193651889794726,7.770897862754219,7.517715787373553,7.26045162500579,8.66878714500396,6.884566751842328,7.126156635375467,0.0,8.056168614689339,7.388959366959515,6.722092507488333,9.206555593223205,7.1449327975381145,9.050447118532455,8.235222750078748,7.695220249817876,8.62200851087962,8.580647296803445,9.777920423616237,9.797424490283646,8.962134638428632,9.695563371683644,12.55313358448886,8.687962544145618,10.28314158140966,10.549806339985752,8.914531658300128,9.780447490842496,9.879199747092468,8.355773140685967,10.545340233584259,7.373072337871658,7.259427532951599,8.139888395603833,8.054103764119734,7.738654098794283,9.292021725548974,9.279886708055749,7.8007395966657045,9.069043319204464,7.256751943164084,8.648774945136541,6.616083124060685,7.740579787945551,7.352898609079841,7.9612262773829885,10.14555184128431,7.002959667020935,7.763335225575015,8.812983398195298,8.17578331683277,8.738940393932852,9.95124814211356,9.014600505900106,9.013679215278998,8.816407348669017,9.279715224358762,13.733878557773165,13.413331633931964,13.368727988745379,13.32738378329035,14.599482228214438,14.120274669544028,13.954334090825567,11.505448248440805,12.995717702644939,12.364932951276993,11.766278818825985,11.729325733311939,9.287815230148412,9.009814852357787,8.393875041155036,7.5252899456262,8.67167649267583,7.966708919605718,8.736878650120001,12.536072809856044,12.491296568774992,11.587144007201944,11.969316491628199,13.538701743662704,6.510106874682555,8.085543702794347,7.6850165848930105,7.352657129378543,8.82273581622475,8.026637367715852,6.700392273016608,7.9710447187538405,8.460675951325209,7.58336142847587,6.709269351284229,7.2928572178797335
SCD_GSE159090_GSM4819194_SCD_Male,8.196768473363155,6.69050218468137,6.961566774349915,8.236276579674447,7.567745639784023,7.019411248320009,5.972104409268376,5.323106241379204,6.596349548607387,6.231219851026578,5.583999072915292,5.144327128350329,6.59227047679382,8.056168614689339,0.0,8.075854144492546,7.038776879517861,6.840852641867829,6.3672463411171805,6.349917611420417,7.412948542175047,8.313489721221266,5.545216795190404,7.511126972033974,7.732131613595576,8.225491633297358,8.478798093768146,9.872540203151125,11.373763225012798,7.452642097175202,9.226059850991623,9.659355621797676,7.0869020701308365,9.06410379855184,8.97167804620506,7.739336129031278,9.20078757235689,7.70029424859988,7.422950683279229,8.367409744904382,7.533093635483709,6.5556286381237685,8.984234825923007,8.800991238833376,7.967596042818275,7.323371520382018,7.416789756906844,9.117130757813893,7.324719121488565,8.650220460679447,8.346078262942289,9.245788838061102,10.907725364761621,7.974740065955851,7.8841567591627415,6.854678789679974,7.272529617181127,7.39789852138927,7.605708972302899,10.687391356386724,8.670277795203658,10.011129739315697,9.573522892726409,12.491748181801986,12.301338075751163,12.353169967742929,12.019266413429094,13.491566520313507,12.94162763044969,12.799209570040315,11.214741034667368,12.096570104036067,11.116213898829105,11.00855868409921,11.22613581884893,9.615485328559958,7.263244085060065,7.17311380540104,7.644117794388422,7.6871924934395475,7.882236828439536,6.8911412022759855,11.46801349690306,11.22988803385085,11.153646253163071,11.396776461665896,12.24797630562827,7.95037016176298,5.219234866441679,6.155025332732707,7.131141235946063,8.427741615559905,7.988468846501133,6.47078865081404,8.919012744521929,6.999183219293804,9.003226670309653,8.057815254683415,7.276760251919498
SCD_GSE159090_GSM4819199_SCD_Male,7.038759572730231,7.500413028506103,7.989829424002587,6.854519413082362,8.17940588644403,7.371830746832668,9.242504266433594,8.361751224878663,8.567289491457318,7.553006199714683,8.096897390450925,8.127413337563475,7.5356796173287455,7.388959366959515,8.075854144492546,0.0,7.3944652740082315,9.170074180010127,8.432801802647196,9.422919621743809,9.22339155890882,9.34549222718804,8.007966934785095,8.329958397178965,8.677860564334503,8.160751372770765,8.45159573742144,8.957652052093943,11.292912409905194,8.11741856036218,9.053280035047413,9.24906663967284,8.188117464417934,9.027243038814923,8.976535426719524,7.990835331257123,9.61944077674117,9.046047472124991,8.035415796720256,7.964826084116868,8.65380468197367,8.586821908690846,8.809444712663312,8.190661652491187,8.818751046852928,9.357216353702189,6.620766258669207,8.374091851008982,6.493538614457489,8.508411500463586,7.852072885687667,7.7139495870146035,9.338695667404373,6.721881292512783,6.9932810007832,9.180273214172983,9.402545703999351,8.58213524469801,9.835104201053378,9.055857840493221,10.128367344975207,10.528448601945785,10.389736391433281,12.306887378660505,11.95694733744689,11.941248768099396,11.890942455788691,13.103885754882846,12.597418165049383,12.542748918570524,10.451393557276365,11.84722501952767,10.910746685783078,10.561376247216044,10.646580222485431,8.43590036953432,9.43369701958944,9.17089002722403,7.660774717444199,8.06589539967881,7.6828592574540595,8.612229684348108,11.123928904192189,11.005397753578473,10.437244379504039,10.732002308346027,12.070067226915763,7.057913502201855,7.131920709589644,7.873904110615233,7.390494068572838,10.1081539816837,8.50811331534995,6.579407255981067,9.46609648490167,7.7681629443165185,9.050170272396059,6.93111630482458,6.9456038980596
SCD_GSE159090_GSM4819200_SCD_Male,8.015405729933498,6.9305513416513875,6.521080424679496,6.262769767766182,7.064641567685995,7.2249088595671065,7.241675653662074,6.846164242801649,6.550774991689719,7.038277503273416,7.344431397928453,5.7495294225712446,6.670932784589092,6.722092507488333,7.038776879517861,7.3944652740082315,0.0,7.950169405355867,6.864031389063082,7.255192816955173,7.380131350366443,7.194991533809472,7.172804393120315,7.469921781844352,8.555851861040189,8.812325085277543,8.326067794829756,9.41140031289864,11.969301188538484,7.586756892619233,9.833955363197509,10.019859699443145,8.038924742133126,9.516135222026683,9.211101656500974,7.81734789827084,10.000400722884574,7.420231318445282,6.604143754038642,8.281788406027317,7.79673058682084,6.994855944164851,9.116641686989546,8.844488773220224,7.4505911675056185,7.884322906657858,7.392315677872258,8.540272205277292,6.691554049508023,7.522774987384505,7.656586828101292,8.13037779001286,10.297134071201762,8.016142636192955,7.404633155800373,7.105584103204106,7.173287956672306,7.871588562940939,8.048135835871538,9.523142748123291,7.2636189844041255,8.614447131923617,8.561975222869807,13.106839435941954,12.778698733400669,12.77343216411859,12.72062134693735,14.03255690721003,13.571426123467084,13.378347864871857,11.177002496163555,12.585305011343566,11.749023948434933,11.260248122712412,11.398312675998547,9.281235539503621,7.710835131160775,6.478200631715604,6.4420399504529104,8.123784087223843,7.727175017266937,7.782899548764038,11.926852861837789,11.900485023928375,11.235230833713803,11.559362111308626,12.924266651076186,7.149156578372006,6.72870364280095,7.350900472740324,6.623795919550589,8.807433904936216,8.475982745658966,6.585539429992184,7.863651680991757,8.02475278637073,7.8371876365672275,7.722269202421411,7.44558080818999
SCD_GSE160646_GSM4876390_SCD_1w,9.413924836663265,7.185656388742507,7.618225066380003,7.996132111961676,7.157733018005007,8.071354111968562,6.893884057942197,6.654593863571926,7.287806677513153,7.882549326366723,7.403425612048512,6.681669326983869,8.965571393913999,9.206555593223205,6.840852641867829,9.170074180010127,7.950169405355867,0.0,6.708631718276025,6.5261948968463885,6.4223302507867,7.31190723563942,4.537906033666402,7.8779778978147705,8.460712196085131,8.740350674305292,9.213191174681086,10.883481556890839,12.354275391864702,8.158707696869476,10.293705549910547,10.469917134584096,8.177355380791173,10.353570141655554,9.595352177837995,8.20517363852073,10.139503093031863,7.295865833400734,8.359625364795539,9.289293608137386,7.576505166219338,6.712469276181214,9.133417136696515,9.92112712709192,7.86010029900326,7.763070628875401,8.001060590407448,10.476512897786598,8.106929038121578,8.48662762991262,9.459216943946215,10.288844011590918,11.415395414280571,8.996576159939284,8.095668209805938,6.495312172028132,7.2114250927446495,7.0273061500953835,8.022217077126166,10.880222647879824,8.248643800005851,9.188161490237835,8.405163851015278,13.749720017718115,13.406474953988695,13.503949262833581,13.222601312275373,14.639746551067457,14.12169409251227,13.907775981828154,12.016345541954392,12.969937539317304,11.94902156993227,11.931477367294939,12.119058177504295,10.702607066553963,7.0855254263761385,7.249347167250211,8.17917934693912,8.10320988513074,7.114009948235019,6.995575619822815,12.19290705701715,12.156265887618053,11.642352566770558,12.253009231425029,13.411441960654761,7.997262021172826,6.4879185868063685,6.680945574081495,8.658106055298767,8.44480893598007,8.815087685613891,7.845281050806759,8.105561962655553,6.8425061594082575,9.55920858955582,9.421283463306478,8.428609957746188
SCD_GSE160646_GSM4876394_SCD_1w,8.582946055504953,7.534812012326311,7.644533014154507,6.619990315738403,6.8614030867913725,7.446823685282641,7.771668680886774,6.908242870282359,6.14263570523838,6.065528446649202,7.7125508832757115,6.2888633850004405,8.55676776402485,7.1449327975381145,6.3672463411171805,8.432801802647196,6.864031389063082,6.708631718276025,0.0,6.75764892421196,6.364202264439722,6.107295895399824,5.868904079754718,6.231830777190181,8.960252539484994,8.988489097469175,8.219596715612742,9.991727872860473,12.686214792694585,7.944830089752761,10.260144935224645,10.440150335227417,8.148821273991594,9.619309248978515,9.232528406116698,7.476801712629559,9.630064049616173,6.038262655133548,6.557591053111334,7.8197074981735435,6.982371086459271,5.726652460974367,9.249173502297811,9.7573827685799,6.48005153376026,7.4952980750852545,7.0799508225760865,8.229189612412574,7.523143290477955,6.114212530175199,7.629832783317247,8.357586094771817,10.758915813704164,7.429404722601559,7.606396628665551,7.617776962167823,6.701636463113482,7.079935623959037,8.385043087957824,9.063507374003336,7.4211990782308375,7.836000841956977,7.3319329288649175,13.906781099992788,13.632633796752154,13.655720748038432,13.48674428963746,14.910272276435075,14.407606321051393,14.150441184817195,11.690646091385963,13.191432957613026,12.29155033374452,11.702130921481896,11.846323846045307,10.032902937098731,6.592356051965971,5.654336148906089,6.949928491267581,8.398157170842808,7.471786170227124,6.875721150399738,12.41603556357765,12.53987693739949,11.615103853680331,12.12300298100958,13.607958107777122,6.779847939428838,6.792126699545,6.547884944675244,7.404927484129568,7.785077666911836,6.9313209122650905,6.9019861621223555,6.037837601718323,7.4344578425250845,6.977981531120365,7.466657559794818,7.628731684303773
SCD_GSE160646_GSM4876401_SCD_1w,9.24662643303893,7.675777882942198,7.40935150898364,8.232753997102781,6.842932506989705,8.2018259213214,4.982367753466304,5.939865452554011,8.220414684190848,7.2314000548418935,5.989269318775214,6.839971920432191,7.526019495042004,9.050447118532455,6.349917611420417,9.422919621743809,7.255192816955173,6.5261948968463885,6.75764892421196,0.0,6.601715480293228,7.251629741145116,5.447082113924793,8.059483428079952,8.852816309856834,9.230819602908296,9.48424686673851,11.434266576683914,12.648974490322283,8.620602203133917,10.770498563467735,11.15964672309726,8.492032232548164,10.34562111798481,9.997188980043347,8.510489006869715,10.392767262701216,6.518279924508033,7.656359209196485,9.010056686574792,6.982640893649905,6.438237768455144,8.684489965855288,9.770091864782167,7.205706323339271,8.282416191376381,8.077356258802606,10.312623614697442,8.826899652470535,8.503674705311003,9.085792347803258,10.848923567886377,12.22956826876528,9.40196966236553,9.535885142432177,5.4106240216676635,7.503739024286734,7.4668663112760845,6.89731199901086,11.41218165604872,7.062235764233722,8.829597877770063,8.90904014194539,13.896029326236388,13.69974996709508,13.789885451747756,13.44807610864272,14.737108753360731,14.222166313927593,14.011946271331606,12.370240047538937,13.596400603047273,12.48411172300674,12.45593237788397,12.472315141624343,10.747302876557857,7.487818677864136,7.140788626895932,7.707016566184159,7.528294119454034,8.42749398261037,7.13586625813859,12.856694447968168,12.335148395019099,12.27073737134401,12.258618215714815,13.64690402271908,8.667797723809974,6.956420964813767,7.437180274990097,7.755482985244868,9.463485554786727,9.282908096981425,8.268415645297253,8.955328322919675,8.443541007492874,9.663125776211254,8.659820428069827,8.409621765222639
